n=8;
m=5;
Ha=[[0.560000,0.560000,0.860000,0.560000,0.560000,0.560000,1.300000,1.300000],[0.054000,0.054000,0.054000,0.560000,0.560000,0.560000,1.300000,1.300000],[0.054000,0.054000,0.054000,0.560000,0.560000,0.560000,1.300000,1.300000],[4.300000,4.300000,4.300000,0.054000,0.054000,0.860000,0.860000,0.860000],[4.300000,4.300000,4.300000,0.054000,0.054000,0.860000,0.860000,0.860000]];
Ca=[[0.620000,0.620000,0.560000,0.620000,0.620000,0.620000,0.500000,0.500000],[0.720000,0.720000,0.720000,0.620000,0.620000,0.620000,0.500000,0.500000],[0.720000,0.720000,0.720000,0.620000,0.620000,0.620000,0.500000,0.500000],[0.300000,0.300000,0.300000,0.720000,0.720000,0.560000,0.560000,0.560000],[0.300000,0.300000,0.300000,0.720000,0.720000,0.560000,0.560000,0.560000]];
Hp=[[0.200000,0.200000,0.200000,1.000000,1.000000,1.000000,1.000000,1.000000],[0.200000,0.200000,0.200000,1.000000,1.000000,1.000000,1.000000,1.000000],[0.200000,0.200000,0.200000,1.000000,1.000000,1.000000,1.000000,1.000000],[2.000000,2.000000,2.000000,0.200000,0.200000,0.200000,0.200000,0.200000],[2.000000,2.000000,2.000000,0.200000,0.200000,0.200000,0.200000,0.200000]];
Cp=[[0.630000,0.630000,0.630000,0.500000,0.500000,0.500000,0.500000,0.500000],[0.630000,0.630000,0.630000,0.500000,0.500000,0.500000,0.500000,0.500000],[0.630000,0.630000,0.630000,0.500000,0.500000,0.500000,0.500000,0.500000],[0.370000,0.370000,0.370000,0.630000,0.630000,0.630000,0.630000,0.630000],[0.370000,0.370000,0.370000,0.630000,0.630000,0.630000,0.630000,0.630000]];
