n=8;
m=5;
Ha=[[1.300000,1.300000,1.300000,0.560000,0.560000,13.600000,13.600000,13.600000],[1.300000,1.300000,1.300000,0.560000,0.560000,3.000000,3.000000,3.000000],[1.300000,1.300000,1.300000,0.560000,0.560000,3.000000,3.000000,3.000000],[0.560000,0.560000,0.560000,0.560000,0.560000,3.000000,3.000000,3.000000],[0.560000,0.560000,0.560000,0.560000,0.560000,0.560000,0.560000,0.560000]];
Ca=[[0.500000,0.500000,0.500000,0.620000,0.620000,0.125000,0.125000,0.125000],[0.500000,0.500000,0.500000,0.620000,0.620000,0.365000,0.365000,0.365000],[0.500000,0.500000,0.500000,0.620000,0.620000,0.365000,0.365000,0.365000],[0.620000,0.620000,0.620000,0.620000,0.620000,0.365000,0.365000,0.365000],[0.620000,0.620000,0.620000,0.620000,0.620000,0.620000,0.620000,0.620000]];
Hp=[[0.200000,0.200000,0.200000,0.000000,0.000000,8.000000,8.000000,8.000000],[0.200000,0.200000,0.200000,0.000000,0.000000,0.200000,0.200000,0.200000],[0.200000,0.200000,0.200000,0.000000,0.000000,0.200000,0.200000,0.200000],[0.000000,0.000000,0.000000,0.000000,0.000000,0.200000,0.200000,0.200000],[0.000000,0.000000,0.000000,0.000000,0.000000,0.000000,0.200000,0.200000]];
Cp=[[0.630000,0.630000,0.630000,0.750000,0.750000,0.125000,0.125000,0.125000],[0.630000,0.630000,0.630000,0.750000,0.750000,0.630000,0.630000,0.630000],[0.630000,0.630000,0.630000,0.750000,0.750000,0.630000,0.630000,0.630000],[0.750000,0.750000,0.750000,0.750000,0.750000,0.630000,0.630000,0.630000],[0.750000,0.750000,0.750000,0.750000,0.750000,0.750000,0.630000,0.630000]];
