n=8;
m=5;
Ha=[[7.700000,7.700000,2.000000,2.000000,2.000000,2.000000,2.000000,2.000000],[7.700000,7.700000,2.000000,3.000000,3.000000,3.000000,2.000000,2.000000],[2.000000,2.000000,2.000000,3.000000,3.000000,3.000000,2.000000,2.000000],[2.000000,2.000000,2.000000,3.000000,3.000000,3.000000,2.000000,2.000000],[2.000000,2.000000,2.000000,2.000000,2.000000,2.000000,2.000000,2.000000]];
Ca=[[0.180000,0.180000,0.430000,0.430000,0.430000,0.430000,0.430000,0.430000],[0.180000,0.180000,0.430000,0.365000,0.365000,0.365000,0.430000,0.430000],[0.430000,0.430000,0.430000,0.365000,0.365000,0.365000,0.430000,0.430000],[0.430000,0.430000,0.430000,0.365000,0.365000,0.365000,0.430000,0.430000],[0.430000,0.430000,0.430000,0.430000,0.430000,0.430000,0.430000,0.430000]];
Hp=[[4.000000,4.000000,6.000000,6.000000,6.000000,6.000000,6.000000,0.000000],[4.000000,4.000000,6.000000,0.200000,0.200000,0.200000,6.000000,0.000000],[0.000000,0.000000,0.000000,0.200000,0.200000,0.200000,0.000000,0.000000],[0.000000,0.000000,0.000000,0.200000,0.200000,0.200000,0.000000,0.000000],[0.200000,0.200000,0.200000,0.200000,0.200000,0.200000,0.200000,0.200000]];
Cp=[[0.250000,0.250000,0.167000,0.167000,0.167000,0.167000,0.167000,0.750000],[0.250000,0.250000,0.167000,0.630000,0.630000,0.630000,0.167000,0.750000],[0.750000,0.750000,0.750000,0.630000,0.630000,0.630000,0.750000,0.750000],[0.750000,0.750000,0.750000,0.630000,0.630000,0.630000,0.750000,0.750000],[0.630000,0.630000,0.630000,0.630000,0.630000,0.630000,0.630000,0.630000]];
