n=8;
m=5;
Ba=4.544933;
Bp=1.413333;
Ha=[[13.600000,13.600000,13.600000,0.054000,0.054000,0.000000,0.000000,0.000000],[13.600000,13.600000,13.600000,0.054000,0.054000,0.000000,0.000000,0.000000],[13.600000,13.600000,13.600000,3.000000,0.054000,0.000000,0.000000,0.000000],[3.000000,3.000000,3.000000,3.000000,0.054000,0.000000,0.000000,0.000000],[3.000000,3.000000,3.000000,3.000000,0.054000,0.000000,0.000000,0.000000]];
Ca=[[0.125000,0.125000,0.125000,0.720000,0.720000,0.000000,0.000000,0.000000],[0.125000,0.125000,0.125000,0.720000,0.720000,0.000000,0.000000,0.000000],[0.125000,0.125000,0.125000,0.365000,0.720000,0.000000,0.000000,0.000000],[0.365000,0.365000,0.365000,0.365000,0.720000,0.000000,0.000000,0.000000],[0.365000,0.365000,0.365000,0.365000,0.720000,0.000000,0.000000,0.000000]];
Hp=[[13.600000,13.600000,13.600000,0.054000,0.054000,0.000000,0.000000,0.000000],[13.600000,13.600000,13.600000,0.054000,0.054000,0.000000,0.000000,0.000000],[13.600000,13.600000,13.600000,3.000000,0.054000,0.000000,0.000000,0.000000],[3.000000,3.000000,3.000000,3.000000,0.054000,0.000000,0.000000,0.000000],[3.000000,3.000000,3.000000,3.000000,0.054000,0.000000,0.000000,0.000000]];
Cp=[[0.125000,0.125000,0.125000,0.720000,0.720000,0.000000,0.000000,0.000000],[0.125000,0.125000,0.125000,0.720000,0.720000,0.000000,0.000000,0.000000],[0.125000,0.125000,0.125000,0.365000,0.720000,0.000000,0.000000,0.000000],[0.365000,0.365000,0.365000,0.365000,0.720000,0.000000,0.000000,0.000000],[0.365000,0.365000,0.365000,0.365000,0.720000,0.000000,0.000000,0.000000]];
