n=8;
m=5;
Ha=[[0.054000,0.054000,0.054000,0.054000,0.054000,0.054000,0.000000,0.000000],[2.000000,2.000000,0.054000,0.054000,0.054000,0.054000,0.054000,0.054000],[2.000000,2.000000,0.054000,0.054000,0.054000,0.054000,0.054000,0.054000],[2.000000,2.000000,0.560000,0.560000,0.054000,0.054000,0.054000,0.054000],[0.054000,0.560000,0.560000,0.560000,0.054000,0.054000,0.054000,0.054000]];
Ca=[[0.720000,0.720000,0.720000,0.720000,0.720000,0.720000,0.000000,0.000000],[0.430000,0.430000,0.720000,0.720000,0.720000,0.720000,0.720000,0.720000],[0.430000,0.430000,0.720000,0.720000,0.720000,0.720000,0.720000,0.720000],[0.430000,0.430000,0.620000,0.620000,0.720000,0.720000,0.720000,0.720000],[0.720000,0.620000,0.620000,0.620000,0.720000,0.720000,0.720000,0.720000]];
Hp=[[0.200000,0.200000,0.200000,0.200000,0.200000,0.200000,0.000000,0.000000],[2.000000,2.000000,0.200000,0.200000,0.200000,0.200000,0.200000,0.200000],[2.000000,2.000000,0.200000,0.200000,0.200000,0.200000,0.200000,0.200000],[2.000000,2.000000,6.000000,6.000000,0.200000,0.200000,0.200000,0.200000],[0.200000,6.000000,6.000000,6.000000,0.200000,0.200000,0.200000,0.200000]];
Cp=[[0.630000,0.630000,0.630000,0.630000,0.630000,0.630000,0.000000,0.000000],[0.370000,0.370000,0.630000,0.630000,0.630000,0.630000,0.630000,0.630000],[0.370000,0.370000,0.630000,0.630000,0.630000,0.630000,0.630000,0.630000],[0.370000,0.370000,0.167000,0.167000,0.630000,0.630000,0.630000,0.630000],[0.630000,0.167000,0.167000,0.167000,0.630000,0.630000,0.630000,0.630000]];
