n=8;
m=5;
Ba=4.544933;
Bp=1.413333;
Ha=[[0.560000,0.560000,0.860000,0.560000,0.560000,0.000000,0.000000,0.000000],[0.054000,0.054000,0.054000,0.560000,0.560000,0.000000,0.000000,0.000000],[0.054000,0.054000,0.054000,0.560000,0.560000,0.000000,0.000000,0.000000],[4.300000,4.300000,4.300000,0.054000,0.054000,0.000000,0.000000,0.000000],[4.300000,4.300000,4.300000,0.054000,0.054000,0.000000,0.000000,0.000000]];
Ca=[[0.620000,0.620000,0.560000,0.620000,0.620000,0.000000,0.000000,0.000000],[0.720000,0.720000,0.720000,0.620000,0.620000,0.000000,0.000000,0.000000],[0.720000,0.720000,0.720000,0.620000,0.620000,0.000000,0.000000,0.000000],[0.300000,0.300000,0.300000,0.720000,0.720000,0.000000,0.000000,0.000000],[0.300000,0.300000,0.300000,0.720000,0.720000,0.000000,0.000000,0.000000]];
Hp=[[0.560000,0.560000,0.860000,0.560000,0.560000,0.000000,0.000000,0.000000],[0.054000,0.054000,0.054000,0.560000,0.560000,0.000000,0.000000,0.000000],[0.054000,0.054000,0.054000,0.560000,0.560000,0.000000,0.000000,0.000000],[4.300000,4.300000,4.300000,0.054000,0.054000,0.000000,0.000000,0.000000],[4.300000,4.300000,4.300000,0.054000,0.054000,0.000000,0.000000,0.000000]];
Cp=[[0.620000,0.620000,0.560000,0.620000,0.620000,0.000000,0.000000,0.000000],[0.720000,0.720000,0.720000,0.620000,0.620000,0.000000,0.000000,0.000000],[0.720000,0.720000,0.720000,0.620000,0.620000,0.000000,0.000000,0.000000],[0.300000,0.300000,0.300000,0.720000,0.720000,0.000000,0.000000,0.000000],[0.300000,0.300000,0.300000,0.720000,0.720000,0.000000,0.000000,0.000000]];
