n=8;
m=5;
Ba=4.544933;
Bp=1.413333;
Ha=[[0.050000,0.300000,0.300000,0.300000,1.300000,0.000000,0.000000,0.000000],[0.050000,0.300000,0.300000,0.300000,1.300000,0.000000,0.000000,0.000000],[0.050000,0.860000,0.860000,0.860000,1.300000,0.000000,0.000000,0.000000],[0.050000,0.860000,0.860000,0.860000,0.300000,0.000000,0.000000,0.000000],[0.050000,0.860000,0.860000,0.860000,0.300000,0.000000,0.000000,0.000000]];
Ca=[[0.750000,0.670000,0.670000,0.670000,0.500000,0.000000,0.000000,0.000000],[0.750000,0.670000,0.670000,0.670000,0.500000,0.000000,0.000000,0.000000],[0.750000,0.560000,0.560000,0.560000,0.500000,0.000000,0.000000,0.000000],[0.750000,0.560000,0.560000,0.560000,0.670000,0.000000,0.000000,0.000000],[0.750000,0.560000,0.560000,0.560000,0.670000,0.000000,0.000000,0.000000]];
Hp=[[0.050000,0.300000,0.300000,0.300000,1.300000,0.000000,0.000000,0.000000],[0.050000,0.300000,0.300000,0.300000,1.300000,0.000000,0.000000,0.000000],[0.050000,0.860000,0.860000,0.860000,1.300000,0.000000,0.000000,0.000000],[0.050000,0.860000,0.860000,0.860000,0.300000,0.000000,0.000000,0.000000],[0.050000,0.860000,0.860000,0.860000,0.300000,0.000000,0.000000,0.000000]];
Cp=[[0.750000,0.670000,0.670000,0.670000,0.500000,0.000000,0.000000,0.000000],[0.750000,0.670000,0.670000,0.670000,0.500000,0.000000,0.000000,0.000000],[0.750000,0.560000,0.560000,0.560000,0.500000,0.000000,0.000000,0.000000],[0.750000,0.560000,0.560000,0.560000,0.670000,0.000000,0.000000,0.000000],[0.750000,0.560000,0.560000,0.560000,0.670000,0.000000,0.000000,0.000000]];
